%YAML:1.0
---
Q: !!opencv-matrix
   rows: 4
   cols: 4
   dt: d
   data: [ 1., 0., 0., -2.7905466461181641e+02, 0., 1., 0.,
       -3.5597186279296875e+02, 0., 0., 0., 3.5373192151451362e+03, 0.,
       0., 1.8645884776987565e+01, 0. ]
