%YAML:1.0
---
Q: !!opencv-matrix
   rows: 4
   cols: 4
   dt: d
   data: [ 1., 0., 0., 3.3082109832763672e+02, 0., 1., 0.,
       -3.5502826881408691e+02, 0., 0., 0., 3.5448589303623571e+03, 0.,
       0., 1.4885268777795522e+01, 1.7694652141175946e+04 ]
