%YAML:1.0
---
Q: !!opencv-matrix
   rows: 4
   cols: 4
   dt: d
   data: [ 1., 0., 0., -2.1427630310058594e+03, 0., 1., 0.,
       -4.9249534225463867e+02, 0., 0., 0., 2.4940005624699793e+03, 0.,
       0., 9.9218341583164886e+02, -4.2927768669975158e+04 ]
