%YAML:1.0
---
Q: !!opencv-matrix
   rows: 4
   cols: 4
   dt: d
   data: [ 1., 0., 0., 3.7475789184570312e+03, 0., 1., 0.,
       -5.9108078002929688e+02, 0., 0., 0., 2.5591450000000001e+04, 0.,
       0., 1.4086527298725548e+01, 3.6954472252017120e+04 ]
