%YAML:1.0
---
Q: !!opencv-matrix
   rows: 4
   cols: 4
   dt: d
   data: [ 1., 0., 0., -1.2106169921875000e+04, 0., 1., 0.,
       -4.7610499453544617e+02, 0., 0., 0., 2.8893200000000001e+04, 0.,
       0., 1.4761833477511127e+01, 4.9877460268806564e+04 ]
